"DISTANCE"	"FEE"	"FEESUB"	"RAIN"	"RANGE"	"RATING"	"SLOPE"	"TEMP"	"WINTER"	"YARD"	"FEE.SQ"	"MGS.FEE"	"MGS.FEESUB"	"FEESUB.SQ"	"RAIN.SQ"	"TEMP.SQ"	"CART.WINTER"	"WINTER.FEE"
"DISTANCE"	1	0.17772	-0.03549	0	0.4464	0.63363	0.61032	0	0	0.11448	0.18009	-0.42564	-0.42397	-0.0368	0	0	0.15731	0.01936
"FEE"	0.17772	1	0.04075	-0.17576	0.35704	0.49154	0.50467	0.21314	-0.18559	0.38109	0.98828	-0.1919	-0.19204	0.03964	-0.13932	0.20919	-0.02905	0.00866
"FEESUB"	-0.03549	0.04075	1	-0.73698	-0.07129	-0.09815	-0.10077	0.89375	-0.77822	-0.07609	0.03214	0.03789	0.06994	0.9997	-0.58421	0.8772	-0.61949	-0.76156
"RAIN"	0	-0.17576	-0.73698	1	0	0	0	-0.79045	0.81675	0	-0.16331	-0.00107	-0.02304	-0.73487	0.96381	-0.76779	0.62642	0.77031
"RANGE"	0.4464	0.35704	-0.07129	0	1	0.4698	0.51251	0	0	0.2336	0.34905	-0.35519	-0.35011	-0.07147	0	0	0.16974	0.07573
"RATING"	0.63363	0.49154	-0.09815	0	0.4698	1	0.87794	0	0	0.55006	0.49668	-0.08463	-0.08737	-0.09867	0	0	0.1092	0.09251
"SLOPE"	0.61032	0.50467	-0.10077	0	0.51251	0.87794	1	0	0	0.39001	0.51292	-0.19863	-0.19964	-0.10194	0	0	0.16314	0.0842
"TEMP"	0	0.21314	0.89375	-0.79045	0	0	0	1	-0.75506	0	0.20269	-0.00114	0.02804	0.89226	-0.63012	0.99725	-0.5791	-0.70426
"WINTER"	0	-0.18559	-0.77822	0.81675	0	0	0	-0.75506	1	0	-0.17144	0	-0.02438	-0.76932	0.75654	-0.72003	0.76696	0.93499
"YARD"	0.11448	0.38109	-0.07609	0	0.2336	0.55006	0.39001	0	0	1	0.38588	0.0838	0.08142	-0.07481	0	0	-0.01928	0.10378
"FEE.SQ"	0.18009	0.98828	0.03214	-0.16331	0.34905	0.49668	0.51292	0.20269	-0.17144	0.38588	1	-0.20454	-0.20444	0.03012	-0.12861	0.19943	-0.02853	-0.00108
"MGS.FEE"	-0.42564	-0.1919	0.03789	-0.00107	-0.35519	-0.08463	-0.19863	-0.00114	0	0.0838	-0.20454	1	0.99606	0.03885	-0.00172	-0.00141	-0.21542	-0.02011
"MGS.FEESUB"	-0.42397	-0.19204	0.06994	-0.02304	-0.35011	-0.08737	-0.19964	0.02804	-0.02438	0.08142	-0.20444	0.99606	1	0.07109	-0.01823	0.02753	-0.21475	-0.04129
"FEESUB.SQ"	-0.0368	0.03964	0.9997	-0.73487	-0.07147	-0.09867	-0.10194	0.89226	-0.76932	-0.07481	0.03012	0.03885	0.07109	1	-0.58287	0.87656	-0.6106	-0.75016
"RAIN.SQ"	0	-0.13932	-0.58421	0.96381	0	0	0	-0.63012	0.75654	0	-0.12861	-0.00172	-0.01823	-0.58287	1	-0.60527	0.58024	0.71741
"TEMP.SQ"	0	0.20919	0.8772	-0.76779	0	0	0	0.99725	-0.72003	0	0.19943	-0.00141	0.02753	0.87656	-0.60527	1	-0.55224	-0.6719
"CART.WINTER"	0.15731	-0.02905	-0.61949	0.62642	0.16974	0.1092	0.16314	-0.5791	0.76696	-0.01928	-0.02853	-0.21542	-0.21475	-0.6106	0.58024	-0.55224	1	0.79533
"WINTER.FEE"	0.01936	0.00866	-0.76156	0.77031	0.07573	0.09251	0.0842	-0.70426	0.93499	0.10378	-0.00108	-0.02011	-0.04129	-0.75016	0.71741	-0.6719	0.79533	1
